0 0.92265625 0.8902777777777777 0.08359375 0.08333333333333333
0 0.8796875 0.8482638888888889 0.00078125 0.0006944444444444445
0 0.877734375 0.8475694444444445 0.00078125 0.0006944444444444445
0 0.865234375 0.8413194444444444 0.0234375 0.011805555555555555
0 0.8525390625 0.8350694444444444 0.000390625 0.0006944444444444445
0 0.8498046875 0.8336805555555555 0.000390625 0.0006944444444444445
0 0.8478515625 0.8326388888888889 0.001953125 0.001388888888888889
0 0.4087890625 0.5545138888888889 0.000390625 0.0006944444444444445
0 0.705078125 0.4704861111111111 0.58984375 0.20347222222222222
0 0.8619140625 0.1829861111111111 0.051953125 0.06319444444444444
0 0.8380859375 0.15034722222222222 0.000390625 0.0006944444444444445
0 0.787890625 0.09409722222222222 0.084375 0.16875
0 0.2697265625 0.5 0.302734375 1.0