0 0.4046875 0.7052083333333333 0.0140625 0.11597222222222223
0 0.479296875 0.7805555555555556 0.04765625 0.4388888888888889
0 0.4484375 0.5583333333333333 0.00078125 0.001388888888888889
0 0.44921875 0.5555555555555556 0.00078125 0.002777777777777778
0 0.450390625 0.5260416666666666 0.01484375 0.05486111111111111
0 0.4662109375 0.47847222222222224 0.005859375 0.027777777777777776
0 0.5013671875 0.35555555555555557 0.011328125 0.11944444444444445
0 0.5025390625 0.2881944444444444 0.000390625 0.001388888888888889
0 0.50234375 0.2642361111111111 0.00390625 0.035416666666666666
0 0.502734375 0.21215277777777777 0.00546875 0.06736111111111111
0 0.5009765625 0.14027777777777778 0.007421875 0.03611111111111111
0 0.501953125 0.06111111111111111 0.0140625 0.12222222222222222