0 0.9083984375 0.8166666666666667 0.074609375 0.025
0 0.9599609375 0.8052083333333333 0.031640625 0.025694444444444443
0 0.96171875 0.7666666666666667 0.02421875 0.03194444444444444
0 0.9873046875 0.7604166666666666 0.024609375 0.043055555555555555
0 0.951171875 0.7371527777777778 0.01953125 0.014583333333333334
0 0.7806640625 0.5802083333333333 0.009765625 0.004861111111111111
0 0.6705078125 0.5711805555555556 0.023046875 0.021527777777777778
0 0.5560546875 0.5746527777777778 0.099609375 0.03680555555555556
0 0.7705078125 0.6583333333333333 0.329296875 0.2625
0 0.3080078125 0.3142361111111111 0.001171875 0.0006944444444444445
0 0.1017578125 0.346875 0.201953125 0.07152777777777777
0 0.2076171875 0.3121527777777778 0.018359375 0.007638888888888889
0 0.238671875 0.3277777777777778 0.0734375 0.04583333333333333
0 0.3955078125 0.4479166666666667 0.239453125 0.3416666666666667
0 0.4013671875 0.2795138888888889 0.012109375 0.03125
0 0.391015625 0.24791666666666667 0.06875 0.059722222222222225
0 0.4404296875 0.1829861111111111 0.018359375 0.025694444444444443
0 0.46015625 0.16354166666666667 0.0125 0.022916666666666665
0 0.47265625 0.14444444444444443 0.00546875 0.015277777777777777
0 0.489453125 0.11875 0.0296875 0.034722222222222224
0 0.79296875 0.134375 0.0109375 0.08402777777777778
0 0.5041015625 0.07534722222222222 0.007421875 0.011805555555555555
0 0.8013671875 0.04618055555555556 0.030078125 0.08958333333333333
0 0.5462890625 0.053125 0.073046875 0.10625