0 0.728125 0.3951171875 0.00625 0.002734375
0 0.003125 0.394140625 0.0020833333333333333 0.00078125
0 0.734375 0.39296875 0.003472222222222222 0.00078125
0 0.7375 0.3921875 0.001388888888888889 0.00078125
0 0.04097222222222222 0.392578125 0.07777777777777778 0.025
0 1.3090277777777777 0.4103515625 0.059722222222222225 0.083203125
0 0.9361111111111111 0.2806640625 0.001388888888888889 0.000390625
0 0.8871527777777778 0.418359375 1.7743055555555556 0.28828125
0 1.0322916666666666 0.2734375 0.0006944444444444445 0.00078125
0 1.025 0.2650390625 0.0125 0.016015625
0 0.859375 0.1419921875 0.2076388888888889 0.276171875