0 0.31015625 0.6725694444444444 0.0109375 0.010416666666666666
0 0.0947265625 0.5104166666666666 0.005078125 0.008333333333333333
0 0.026953125 0.4798611111111111 0.05390625 0.0375
0 0.1435546875 0.48125 0.177734375 0.05694444444444444
0 0.2455078125 0.4638888888888889 0.029296875 0.03888888888888889
0 0.52734375 0.3642361111111111 0.0265625 0.03680555555555556
0 0.380078125 0.6722222222222223 0.2578125 0.6555555555555556
0 0.5572265625 0.34965277777777776 0.030078125 0.029861111111111113
0 0.294921875 0.3434027777777778 0.03046875 0.059027777777777776
0 0.328515625 0.29583333333333334 0.00859375 0.006944444444444444
0 0.312890625 0.2725694444444444 0.0109375 0.029861111111111113
0 0.3353515625 0.26284722222222223 0.051171875 0.09097222222222222
0 0.3787109375 0.18159722222222222 0.011328125 0.052083333333333336
0 0.3740234375 0.1284722222222222 0.013671875 0.03611111111111111
0 0.3908203125 0.07222222222222222 0.022265625 0.07361111111111111
0 0.63203125 0.18506944444444445 0.125 0.3090277777777778
0 0.7041015625 0.029861111111111113 0.017578125 0.011111111111111112
0 0.3552734375 0.04097222222222222 0.020703125 0.0763888888888889
0 0.2505859375 0.052083333333333336 0.061328125 0.1