0 0.4404296875 0.703125 0.000390625 0.0006944444444444445
0 0.4046875 0.6239583333333333 0.00078125 0.0020833333333333333
0 0.2673828125 0.5628472222222223 0.277734375 0.11875
0 0.1197265625 0.5055555555555555 0.033984375 0.034722222222222224
0 0.0095703125 0.4371527777777778 0.000390625 0.0020833333333333333
0 0.0513671875 0.45069444444444445 0.101953125 0.07777777777777778
0 0.5861328125 0.325 0.019921875 0.04722222222222222
0 0.56875 0.31805555555555554 0.0203125 0.041666666666666664
0 0.584765625 0.26180555555555557 0.02265625 0.05277777777777778
0 0.0646484375 0.005902777777777778 0.000390625 0.0006944444444444445
0 0.4982421875 0.4996527777777778 0.995703125 0.9993055555555556
0 0.0669921875 0.00034722222222222224 0.000390625 0.0006944444444444445