0 1.7013888888888888 0.415234375 0.001388888888888889 0.00078125
0 1.68125 0.4216796875 0.043055555555555555 0.023828125
0 1.5763888888888888 0.394921875 0.09722222222222222 0.03203125
0 1.4475694444444445 0.391015625 0.6548611111111111 0.1171875
0 1.164236111111111 0.318359375 0.03263888888888889 0.0109375
0 1.1510416666666667 0.3083984375 0.0006944444444444445 0.000390625
0 1.1440972222222223 0.3025390625 0.0006944444444444445 0.000390625
0 1.1069444444444445 0.307421875 0.08055555555555556 0.01015625
0 1.0402777777777779 0.284375 0.004166666666666667 0.00625
0 1.0986111111111112 0.2791015625 0.44166666666666665 0.090234375
0 0.5857638888888889 0.20625 0.0006944444444444445 0.00078125
0 0.3767361111111111 0.199609375 0.004861111111111111 0.003125
0 0.7916666666666666 0.2708984375 0.6291666666666667 0.151171875
0 0.7739583333333333 0.2103515625 0.26319444444444445 0.059765625
0 0.4371527777777778 0.1931640625 0.11597222222222223 0.029296875
0 0.42951388888888886 0.1583984375 0.08819444444444445 0.023828125
0 0.184375 0.1125 0.01875 0.00859375
0 0.18715277777777778 0.0939453125 0.0006944444444444445 0.000390625
0 0.2454861111111111 0.134375 0.48819444444444443 0.10625
0 0.1909722222222222 0.0830078125 0.3819444444444444 0.133984375