0 0.4222222222222222 0.55 0.008333333333333333 0.02421875
0 0.675 0.4619140625 0.20555555555555555 0.030859375
0 0.010763888888888889 0.4158203125 0.01875 0.010546875
0 0.9055555555555556 0.4048828125 0.23055555555555557 0.083203125
0 0.4954861111111111 0.461328125 0.24791666666666667 0.20234375
0 1.0881944444444445 0.3302734375 0.04861111111111111 0.051171875
0 1.1552083333333334 0.272265625 0.027083333333333334 0.02734375
0 0.035069444444444445 0.2373046875 0.07013888888888889 0.030859375
0 0.13090277777777778 0.2146484375 0.12708333333333333 0.015234375
0 0.21458333333333332 0.2041015625 0.02361111111111111 0.006640625
0 0.24131944444444445 0.2015625 0.027083333333333334 0.0046875
0 0.2795138888888889 0.1974609375 0.022916666666666665 0.010546875
0 0.6347222222222222 0.18359375 0.019444444444444445 0.00703125
0 0.359375 0.183203125 0.12013888888888889 0.0265625
0 0.49027777777777776 0.1671875 0.10694444444444444 0.0125
0 1.1118055555555555 0.0669921875 0.07222222222222222 0.026953125
0 0.9159722222222222 0.0515625 0.019444444444444445 0.00234375
0 0.9684027777777777 0.0470703125 0.06875 0.009765625
0 1.0958333333333334 0.0498046875 0.025 0.018359375
0 0.7288194444444445 0.044921875 0.1951388888888889 0.0234375
0 0.9069444444444444 0.219140625 1.7416666666666667 0.403125