0 0.2982638888888889 0.3173828125 0.0006944444444444445 0.000390625
0 1.1149305555555555 0.3283203125 0.034027777777777775 0.030859375
0 0.32430555555555557 0.3158203125 0.06388888888888888 0.008203125
0 1.0635416666666666 0.3193359375 0.011805555555555555 0.016796875
0 1.7284722222222222 0.3162109375 0.09861111111111111 0.024609375
0 1.0958333333333334 0.3109375 0.08333333333333333 0.0171875
0 1.0302083333333334 0.3125 0.034027777777777775 0.02109375
0 0.6777777777777778 0.3115234375 0.16527777777777777 0.019140625
0 0.7305555555555555 0.3021484375 0.002777777777777778 0.002734375
0 0.5461805555555556 0.3044921875 0.06875 0.017578125
0 0.30069444444444443 0.301953125 0.025 0.015625
0 0.44027777777777777 0.305859375 0.10555555555555556 0.02734375
0 0.9364583333333333 0.305078125 0.14375 0.0265625
0 0.7899305555555556 0.304296875 0.15208333333333332 0.03671875
0 0.3996527777777778 0.2859375 0.04375 0.01015625
0 0.9725694444444445 0.2876953125 0.03125 0.016015625
0 1.4184027777777777 0.3060546875 0.5118055555555555 0.068359375
0 0.1892361111111111 0.29609375 0.1909722222222222 0.05859375
0 0.11597222222222223 0.25390625 0.015277777777777777 0.00859375
0 0.04583333333333333 0.2623046875 0.09027777777777778 0.032421875
0 0.011805555555555555 0.233984375 0.020833333333333332 0.03046875