0 0.240625 0.3759765625 0.03263888888888889 0.029296875
0 0.10069444444444445 0.35546875 0.08472222222222223 0.0390625
0 0.027777777777777776 0.334765625 0.05416666666666667 0.0171875
0 0.06597222222222222 0.3197265625 0.05694444444444444 0.027734375
0 0.16875 0.2916015625 0.17083333333333334 0.078515625
0 0.25555555555555554 0.2505859375 0.002777777777777778 0.002734375
0 0.25798611111111114 0.248046875 0.0020833333333333333 0.0015625
0 0.26006944444444446 0.2466796875 0.0006944444444444445 0.000390625
0 1.0760416666666666 0.3177734375 1.4034722222222222 0.160546875
0 0.5340277777777778 0.2212890625 0.07777777777777778 0.025390625
0 0.2934027777777778 0.228125 0.1423611111111111 0.04140625
0 0.4482638888888889 0.0904296875 0.02847222222222222 0.123828125