0 0.980859375 0.7 0.0328125 0.09166666666666666
0 0.822265625 0.6329861111111111 0.00234375 0.003472222222222222
0 0.8177734375 0.6295138888888889 0.000390625 0.0006944444444444445
0 0.8203125 0.628125 0.00078125 0.0006944444444444445
0 0.81875 0.6284722222222222 0.0015625 0.001388888888888889
0 0.826953125 0.6277777777777778 0.00078125 0.001388888888888889
0 0.8244140625 0.6260416666666667 0.000390625 0.0006944444444444445
0 0.8255859375 0.6253472222222223 0.001953125 0.003472222222222222
0 0.81953125 0.6274305555555556 0.009375 0.007638888888888889
0 0.8158203125 0.6253472222222223 0.001953125 0.003472222222222222
0 0.04375 0.5986111111111111 0.015625 0.022222222222222223
0 0.0068359375 0.5829861111111111 0.000390625 0.0006944444444444445
0 0.016796875 0.596875 0.0328125 0.04097222222222222
0 0.084375 0.5673611111111111 0.00078125 0.001388888888888889
0 0.0724609375 0.5777777777777777 0.039453125 0.022222222222222223
0 0.08203125 0.565625 0.003125 0.0020833333333333333
0 0.91171875 0.6013888888888889 0.1765625 0.07777777777777778
0 0.0970703125 0.5642361111111112 0.026171875 0.007638888888888889
0 0.1142578125 0.5611111111111111 0.002734375 0.002777777777777778
0 0.1916015625 0.5513888888888889 0.004296875 0.004166666666666667
0 0.8091796875 0.5454861111111111 0.000390625 0.0006944444444444445
0 0.8072265625 0.5427083333333333 0.000390625 0.0006944444444444445
0 0.8029296875 0.5427083333333333 0.000390625 0.0006944444444444445
0 0.805859375 0.54375 0.0046875 0.004166666666666667
0 0.8015625 0.5402777777777777 0.003125 0.006944444444444444
0 0.15234375 0.5482638888888889 0.07109375 0.024305555555555556
0 0.301171875 0.43819444444444444 0.00078125 0.001388888888888889
0 0.30390625 0.4354166666666667 0.00078125 0.001388888888888889
0 0.3087890625 0.434375 0.000390625 0.0006944444444444445
0 0.3087890625 0.4326388888888889 0.000390625 0.001388888888888889
0 0.15703125 0.42118055555555556 0.00625 0.0020833333333333333
0 0.151171875 0.41875 0.0046875 0.006944444444444444
0 0.3974609375 0.38784722222222223 0.004296875 0.003472222222222222
0 0.2775390625 0.41354166666666664 0.230859375 0.05486111111111111
0 0.4068359375 0.38229166666666664 0.013671875 0.007638888888888889
0 0.48671875 0.36354166666666665 0.003125 0.003472222222222222
0 0.4841796875 0.36215277777777777 0.000390625 0.0006944444444444445
0 0.4833984375 0.3614583333333333 0.000390625 0.0006944444444444445
0 0.4794921875 0.3614583333333333 0.000390625 0.0006944444444444445
0 0.4822265625 0.36006944444444444 0.000390625 0.0006944444444444445
0 0.48125 0.3607638888888889 0.00078125 0.0020833333333333333
0 0.62421875 0.46111111111111114 0.41953125 0.20277777777777778