0 0.993359375 0.9232638888888889 0.00546875 0.003472222222222222
0 0.985546875 0.9208333333333333 0.009375 0.008333333333333333
0 0.1767578125 0.9114583333333334 0.296484375 0.17708333333333334
0 0.024609375 0.7336805555555556 0.00546875 0.007638888888888889
0 0.058203125 0.6642361111111111 0.11640625 0.31180555555555556
0 0.9201171875 0.390625 0.001171875 0.004861111111111111
0 0.89140625 0.3267361111111111 0.00703125 0.010416666666666666
0 0.5009765625 0.5368055555555555 0.998046875 0.9263888888888889
0 0.1158203125 0.13020833333333334 0.058203125 0.13541666666666666
0 0.1466796875 0.06145833333333333 0.001953125 0.0020833333333333333
0 0.148828125 0.059722222222222225 0.00078125 0.001388888888888889
0 0.1732421875 0.06145833333333333 0.035546875 0.009027777777777777
0 0.198828125 0.05381944444444445 0.009375 0.013194444444444444
0 0.2064453125 0.04201388888888889 0.005078125 0.009027777777777777