0 0.1759765625 0.9746527777777778 0.005078125 0.0020833333333333333
0 0.2564453125 0.8930555555555556 0.280078125 0.21388888888888888
0 0.2724609375 0.7177083333333333 0.000390625 0.0006944444444444445
0 0.2962890625 0.7361111111111112 0.049609375 0.14444444444444443
0 0.31953125 0.6364583333333333 0.06875 0.06319444444444444
0 0.4900390625 0.5579861111111111 0.000390625 0.0006944444444444445
0 0.4892578125 0.55625 0.001171875 0.001388888888888889
0 0.6251953125 0.5020833333333333 0.049609375 0.05
0 0.823046875 0.478125 0.35390625 0.12569444444444444
0 0.34765625 0.14965277777777777 0.0015625 0.004861111111111111
0 0.2052734375 0.14201388888888888 0.000390625 0.0006944444444444445
0 0.147265625 0.07048611111111111 0.0015625 0.0020833333333333333
0 0.1796875 0.09791666666666667 0.04921875 0.06805555555555555
0 0.0626953125 0.04756944444444444 0.002734375 0.003472222222222222
0 0.108203125 0.04479166666666667 0.09140625 0.052083333333333336
0 0.031640625 0.028125 0.06328125 0.035416666666666666
0 0.40234375 0.3034722222222222 0.40625 0.6069444444444444