0 0.2626953125 0.9930555555555556 0.004296875 0.011111111111111112
0 0.2958984375 0.9923611111111111 0.004296875 0.011111111111111112
0 0.2654296875 0.9847222222222223 0.001171875 0.004166666666666667
0 0.262890625 0.9815972222222222 0.00078125 0.00625
0 0.2609375 0.9708333333333333 0.00390625 0.009722222222222222
0 0.063671875 0.9465277777777777 0.00234375 0.001388888888888889
0 0.0552734375 0.9465277777777777 0.001171875 0.001388888888888889
0 0.0669921875 0.9447916666666667 0.002734375 0.0020833333333333333
0 0.0712890625 0.9427083333333334 0.003515625 0.0020833333333333333
0 0.075 0.9388888888888889 0.00078125 0.001388888888888889
0 0.0767578125 0.9368055555555556 0.001953125 0.002777777777777778
0 0.07890625 0.9336805555555555 0.00078125 0.0020833333333333333
0 0.026953125 0.9402777777777778 0.05390625 0.018055555555555554
0 0.0875 0.9302083333333333 0.015625 0.00625
0 0.1224609375 0.928125 0.007421875 0.004861111111111111
0 0.1087890625 0.9284722222222223 0.016796875 0.009722222222222222
0 0.1650390625 0.9208333333333333 0.016796875 0.005555555555555556
0 0.1404296875 0.9246527777777778 0.027734375 0.013194444444444444
0 0.1865234375 0.9107638888888889 0.004296875 0.0020833333333333333
0 0.1783203125 0.9135416666666667 0.007421875 0.007638888888888889
0 0.2259765625 0.9284722222222223 0.073828125 0.07361111111111111
0 0.2322265625 0.8895833333333333 0.000390625 0.002777777777777778
0 0.9185546875 0.8434027777777777 0.162890625 0.059027777777777776
0 0.4521484375 0.7913194444444445 0.000390625 0.003472222222222222
0 0.3771484375 0.8836805555555556 0.158203125 0.2048611111111111
0 0.4578125 0.7798611111111111 0.0015625 0.002777777777777778
0 0.46328125 0.775 0.00859375 0.006944444444444444
0 0.4771484375 0.7763888888888889 0.055859375 0.08472222222222223
0 0.5021484375 0.7309027777777778 0.001953125 0.0020833333333333333
0 0.0064453125 0.6684027777777778 0.000390625 0.0006944444444444445
0 0.514453125 0.6673611111111111 0.02578125 0.11805555555555555
0 0.707421875 0.528125 0.00390625 0.0020833333333333333
0 0.0662109375 0.6173611111111111 0.132421875 0.22361111111111112
0 0.6146484375 0.49895833333333334 0.001953125 0.0020833333333333333
0 0.6123046875 0.4777777777777778 0.013671875 0.03888888888888889
0 0.6052734375 0.45729166666666665 0.000390625 0.0006944444444444445
0 0.6048828125 0.4552083333333333 0.000390625 0.0006944444444444445
0 0.9466796875 0.43993055555555555 0.001171875 0.007638888888888889
0 0.1193359375 0.4340277777777778 0.001171875 0.011111111111111112
0 0.4115234375 0.409375 0.000390625 0.0006944444444444445
0 0.616796875 0.38958333333333334 0.0015625 0.005555555555555556
0 0.6119140625 0.4215277777777778 0.015234375 0.07222222222222222
0 0.0185546875 0.31493055555555555 0.001171875 0.003472222222222222
0 0.41875 0.3375 0.01328125 0.14305555555555555
0 0.425 0.2642361111111111 0.00078125 0.0006944444444444445
0 0.2916015625 0.21909722222222222 0.000390625 0.0006944444444444445
0 0.2908203125 0.21840277777777778 0.000390625 0.0006944444444444445
0 0.604296875 0.18958333333333333 0.00078125 0.001388888888888889
0 0.597265625 0.1684027777777778 0.07265625 0.04513888888888889
0 0.3775390625 0.07152777777777777 0.000390625 0.002777777777777778
0 0.469921875 0.15729166666666666 0.18203125 0.21319444444444444
0 0.3818359375 0.049652777777777775 0.000390625 0.0006944444444444445
0 0.3810546875 0.04826388888888889 0.000390625 0.0006944444444444445
0 0.3802734375 0.04583333333333333 0.001171875 0.002777777777777778
0 0.6978515625 0.1892361111111111 0.162109375 0.3784722222222222
0 0.5001953125 0.44375 0.999609375 0.8875