0 0.4114583333333333 0.94375 0.021527777777777778 0.03828125
0 0.43125 0.91640625 0.018055555555555554 0.0375
0 0.48368055555555556 0.864453125 0.01597222222222222 0.046875
0 0.13680555555555557 0.8974609375 0.27361111111111114 0.205078125
0 0.2965277777777778 0.7751953125 0.059722222222222225 0.039453125
0 0.4840277777777778 0.7875 0.0375 0.1
0 0.39861111111111114 0.747265625 0.1111111111111111 0.05390625
0 0.47847222222222224 0.687109375 0.04861111111111111 0.08984375
0 0.5572916666666666 0.6015625 0.03125 0.03203125
0 0.5454861111111111 0.4888671875 0.0006944444444444445 0.000390625
0 0.5447916666666667 0.4876953125 0.0006944444444444445 0.000390625
0 0.553125 0.4779296875 0.052083333333333336 0.033203125
0 0.5482638888888889 0.4314453125 0.034027777777777775 0.052734375
0 0.553125 0.38515625 0.024305555555555556 0.01640625
0 0.5190972222222222 0.3775390625 0.03263888888888889 0.039453125
0 0.5690972222222223 0.365234375 0.02013888888888889 0.02734375
0 0.6024305555555556 0.343359375 0.034027777777777775 0.02734375
0 0.5295138888888888 0.196875 0.029861111111111113 0.10078125
0 0.5399305555555556 0.0984375 0.03125 0.0953125
0 0.5347222222222222 0.0228515625 0.020833333333333332 0.044140625