0 0.3034722222222222 0.437109375 0.09305555555555556 0.01875
0 0.6496527777777777 0.4193359375 0.0006944444444444445 0.000390625
0 0.45243055555555556 0.4173828125 0.0006944444444444445 0.000390625
0 0.434375 0.409765625 0.027083333333333334 0.0046875
0 0.41909722222222223 0.4072265625 0.0020833333333333333 0.000390625
0 0.41631944444444446 0.4068359375 0.0006944444444444445 0.000390625
0 0.41423611111111114 0.4064453125 0.0006944444444444445 0.000390625
0 0.9079861111111112 0.34609375 0.07708333333333334 0.0484375
0 0.9513888888888888 0.31171875 0.06111111111111111 0.01640625
0 0.9177083333333333 0.2955078125 0.07430555555555556 0.026953125
0 0.9506944444444444 0.280078125 0.008333333333333333 0.00390625
0 0.85 0.28984375 0.08333333333333333 0.04296875
0 0.8888888888888888 0.3525390625 1.7680555555555555 0.210546875
0 0.9822916666666667 0.2609375 0.17430555555555555 0.0328125
0 0.9003472222222222 0.207421875 0.08541666666666667 0.0890625
0 0.8392361111111111 0.1251953125 0.0006944444444444445 0.000390625
0 0.7989583333333333 0.096484375 0.0798611111111111 0.0671875
0 0.7690972222222222 0.0408203125 0.0006944444444444445 0.000390625
0 0.7732638888888889 0.0400390625 0.00625 0.001171875
0 0.7961805555555556 0.0361328125 0.0006944444444444445 0.000390625
0 0.7107638888888889 0.05546875 0.16875 0.05546875
0 1.0354166666666667 0.123828125 0.15833333333333333 0.24140625