0 0.24765625 0.8270833333333333 0.00078125 0.001388888888888889
0 0.898828125 0.8173611111111111 0.00078125 0.001388888888888889
0 0.2125 0.6666666666666666 0.00078125 0.001388888888888889
0 0.85546875 0.74375 0.2890625 0.2791666666666667
0 0.6828125 0.5767361111111111 0.05703125 0.09652777777777778
0 0.6546875 0.5253472222222222 0.00390625 0.00625
0 0.651171875 0.521875 0.0015625 0.0006944444444444445
0 0.6478515625 0.5222222222222223 0.004296875 0.0125
0 0.676953125 0.4128472222222222 0.00078125 0.0006944444444444445
0 0.8208984375 0.37395833333333334 0.000390625 0.0006944444444444445
0 0.7509765625 0.40243055555555557 0.146484375 0.06736111111111111
0 0.1892578125 0.3625 0.012109375 0.03888888888888889
0 0.501171875 0.3420138888888889 0.00078125 0.0006944444444444445
0 0.2390625 0.6642361111111111 0.08046875 0.66875
0 0.0939453125 0.2170138888888889 0.000390625 0.0006944444444444445
0 0.0943359375 0.215625 0.000390625 0.0006944444444444445
0 0.0955078125 0.21319444444444444 0.000390625 0.001388888888888889
0 0.698828125 0.2 0.00078125 0.001388888888888889
0 0.5001953125 0.209375 0.999609375 0.41875