0 0.3909722222222222 0.5359375 0.044444444444444446 0.05234375
0 0.3798611111111111 0.4916015625 0.015277777777777777 0.034765625
0 0.38506944444444446 0.4732421875 0.0006944444444444445 0.000390625
0 0.3836805555555556 0.4712890625 0.0006944444444444445 0.000390625
0 0.38298611111111114 0.4705078125 0.0006944444444444445 0.000390625
0 0.36944444444444446 0.4533203125 0.027777777777777776 0.033203125
0 0.3055555555555556 0.3140625 0.6111111111111112 0.24375
0 0.8267361111111111 0.20078125 0.4284722222222222 0.11484375
0 0.9489583333333333 0.0373046875 0.12152777777777778 0.044921875
0 0.7836805555555556 0.0712890625 0.04652777777777778 0.141796875
0 1.2697916666666667 0.2806640625 0.5298611111111111 0.561328125