0 0.5138671875 0.5569444444444445 0.053515625 0.013888888888888888
0 0.578125 0.5472222222222223 0.03203125 0.03333333333333333
0 0.5953125 0.5128472222222222 0.00078125 0.0006944444444444445
0 0.5962890625 0.5121527777777778 0.000390625 0.0006944444444444445
0 0.4349609375 0.5402777777777777 0.089453125 0.06666666666666667
0 0.361328125 0.4965277777777778 0.028125 0.027777777777777776
0 0.309765625 0.47465277777777776 0.0421875 0.017361111111111112
0 0.2509765625 0.44340277777777776 0.024609375 0.027083333333333334
0 0.726953125 0.453125 0.26015625 0.11736111111111111
0 0.119140625 0.38958333333333334 0.23828125 0.10555555555555556
0 0.925 0.29618055555555556 0.15 0.13125