0 0.502734375 0.9447916666666667 0.0125 0.11041666666666666
0 0.4470703125 0.9368055555555556 0.010546875 0.12638888888888888
0 0.4958984375 0.8454861111111112 0.005859375 0.05347222222222222
0 0.4603515625 0.8048611111111111 0.005078125 0.02361111111111111
0 0.50390625 0.7871527777777778 0.00625 0.022916666666666665
0 0.532421875 0.8868055555555555 0.0359375 0.225
0 0.4630859375 0.7604166666666666 0.005859375 0.04583333333333333
0 0.460546875 0.6895833333333333 0.00625 0.02638888888888889
0 0.457421875 0.6767361111111111 0.00078125 0.0006944444444444445
0 0.5125 0.5277777777777778 0.034375 0.49027777777777776
0 0.4939453125 0.24097222222222223 0.004296875 0.06805555555555555
0 0.5021484375 0.15069444444444444 0.014453125 0.10833333333333334
0 0.498046875 0.03958333333333333 0.0109375 0.07777777777777778