0 0.1732421875 0.5069444444444444 0.023046875 0.022222222222222223
0 0.2376953125 0.48541666666666666 0.106640625 0.03611111111111111
0 0.1328125 0.4809027777777778 0.04140625 0.03263888888888889
0 0.325390625 0.43333333333333335 0.0859375 0.03888888888888889
0 0.6876953125 0.5107638888888889 0.624609375 0.21736111111111112
0 0.053515625 0.4642361111111111 0.10703125 0.1909722222222222
0 0.0689453125 0.3170138888888889 0.026953125 0.06736111111111111
0 0.051171875 0.27569444444444446 0.0078125 0.015277777777777777
0 0.04921875 0.24270833333333333 0.01171875 0.017361111111111112
0 0.0056640625 0.03888888888888889 0.009765625 0.006944444444444444
0 0.043359375 0.051041666666666666 0.04296875 0.04375