0 0.8583984375 0.9302083333333333 0.141796875 0.13958333333333334
0 0.8197265625 0.8586805555555556 0.001953125 0.003472222222222222
0 0.59375 0.5982638888888889 0.8125 0.2048611111111111
0 0.9619140625 0.4673611111111111 0.076171875 0.0625
0 0.6306640625 0.3527777777777778 0.052734375 0.022222222222222223
0 0.5392578125 0.3684027777777778 0.110546875 0.07152777777777777
0 0.44609375 0.3211805555555556 0.06875 0.021527777777777778
0 0.7123046875 0.33576388888888886 0.233203125 0.15902777777777777
0 0.8884765625 0.22118055555555555 0.052734375 0.0798611111111111
0 0.9154296875 0.18090277777777777 0.000390625 0.0006944444444444445
0 0.9283203125 0.015625 0.000390625 0.0006944444444444445
0 0.9400390625 0.007638888888888889 0.022265625 0.015277777777777777