0 0.433984375 0.9170138888888889 0.02265625 0.16597222222222222
0 0.4599609375 0.7371527777777778 0.000390625 0.0006944444444444445
0 0.4515625 0.7857638888888889 0.01328125 0.09791666666666667
0 0.4615234375 0.7277777777777777 0.003515625 0.016666666666666666
0 0.47109375 0.6704861111111111 0.01171875 0.09375
0 0.473046875 0.5635416666666667 0.0125 0.1076388888888889
0 0.4734375 0.4618055555555556 0.00546875 0.05416666666666667
0 0.4646484375 0.4375 0.008984375 0.022222222222222223
0 0.4716796875 0.40555555555555556 0.017578125 0.027777777777777776
0 0.4884765625 0.40694444444444444 0.008984375 0.03611111111111111
0 0.4521484375 0.3940972222222222 0.008203125 0.02847222222222222
0 0.434375 0.3541666666666667 0.01015625 0.030555555555555555
0 0.50546875 0.3302083333333333 0.0109375 0.06319444444444444
0 0.505859375 0.2465277777777778 0.01640625 0.08888888888888889
0 0.490625 0.1951388888888889 0.01328125 0.013888888888888888
0 0.4349609375 0.19479166666666667 0.005078125 0.049305555555555554
0 0.412109375 0.11909722222222222 0.01015625 0.02013888888888889
0 0.4060546875 0.10868055555555556 0.000390625 0.0006944444444444445
0 0.40859375 0.08993055555555556 0.01640625 0.04236111111111111
0 0.39296875 0.04548611111111111 0.0265625 0.03958333333333333
0 0.377734375 0.011805555555555555 0.00703125 0.022222222222222223