0 0.1701388888888889 0.475 0.3402777777777778 0.06796875
0 1.3524305555555556 0.4232421875 0.0006944444444444445 0.000390625
0 1.5336805555555555 0.4193359375 0.0006944444444444445 0.000390625
0 1.5309027777777777 0.4189453125 0.0020833333333333333 0.000390625
0 1.551388888888889 0.4228515625 0.05694444444444444 0.015234375
0 0.5125 0.3447265625 0.08055555555555556 0.018359375
0 0.09409722222222222 0.3107421875 0.0006944444444444445 0.000390625
0 0.04756944444444444 0.315625 0.08680555555555555 0.0109375
0 0.9364583333333333 0.384765625 1.6826388888888888 0.15625
0 0.09340277777777778 0.3076171875 0.0020833333333333333 0.002734375
0 1.7225694444444444 0.2779296875 0.09375 0.015234375
0 1.5375 0.25625 0.001388888888888889 0.00078125
0 1.6503472222222222 0.265234375 0.2548611111111111 0.0453125