0 0.3515625 0.9777777777777777 0.00546875 0.016666666666666666
0 0.853515625 0.9826388888888888 0.03828125 0.034722222222222224
0 0.85390625 0.9600694444444444 0.00234375 0.009027777777777777
0 0.3544921875 0.9621527777777777 0.000390625 0.013194444444444444
0 0.8580078125 0.9447916666666667 0.005859375 0.02013888888888889
0 0.3501953125 0.9371527777777777 0.006640625 0.03263888888888889
0 0.3177734375 0.8770833333333333 0.000390625 0.001388888888888889
0 0.7533203125 0.8190972222222223 0.001953125 0.003472222222222222
0 0.3962890625 0.9041666666666667 0.196484375 0.19027777777777777
0 0.8720703125 0.8583333333333333 0.024609375 0.14722222222222223
0 0.680078125 0.8902777777777777 0.15546875 0.2152777777777778
0 0.7630859375 0.775 0.009765625 0.0125
0 0.8818359375 0.7590277777777777 0.000390625 0.004166666666666667
0 0.4609375 0.8131944444444444 0.03125 0.15138888888888888
0 0.8798828125 0.7440972222222222 0.029296875 0.07847222222222222
0 0.2822265625 0.7513888888888889 0.034765625 0.11388888888888889
0 0.4451171875 0.7173611111111111 0.007421875 0.04722222222222222
0 0.4490234375 0.6913194444444445 0.000390625 0.0006944444444444445
0 0.914453125 0.6302083333333334 0.0046875 0.010416666666666666
0 0.6630859375 0.7065972222222222 0.024609375 0.22013888888888888
0 0.6654296875 0.5951388888888889 0.000390625 0.001388888888888889
0 0.9037109375 0.6434027777777778 0.037890625 0.1284722222222222
0 0.950390625 0.5472222222222223 0.00078125 0.001388888888888889
0 0.9517578125 0.5423611111111111 0.001953125 0.005555555555555556
0 0.0359375 0.5326388888888889 0.00078125 0.001388888888888889
0 0.0056640625 0.5197916666666667 0.000390625 0.0006944444444444445
0 0.6658203125 0.5131944444444444 0.018359375 0.175
0 0.6591796875 0.421875 0.000390625 0.0020833333333333333
0 0.6578125 0.421875 0.00078125 0.00625
0 0.6564453125 0.41631944444444446 0.001171875 0.0020833333333333333
0 0.4447265625 0.5444444444444444 0.025390625 0.2916666666666667
0 0.171875 0.39444444444444443 0.00546875 0.008333333333333333
0 0.65234375 0.3888888888888889 0.00703125 0.05138888888888889
0 0.6537109375 0.35555555555555557 0.002734375 0.013888888888888888
0 0.3033203125 0.3260416666666667 0.000390625 0.0006944444444444445
0 0.302734375 0.32430555555555557 0.00078125 0.001388888888888889
0 0.3013671875 0.32256944444444446 0.001171875 0.0020833333333333333
0 0.504296875 0.29618055555555556 0.00078125 0.0006944444444444445
0 0.49921875 0.48506944444444444 0.99765625 0.41875