0 0.0837890625 0.9638888888888889 0.049609375 0.07222222222222222
0 0.18125 0.9152777777777777 0.01875 0.013888888888888888
0 0.218359375 0.9017361111111111 0.0328125 0.03819444444444445
0 0.290234375 0.8333333333333334 0.11015625 0.1111111111111111
0 0.4259765625 0.6704861111111111 0.059765625 0.06458333333333334
0 0.4673828125 0.6371527777777778 0.010546875 0.011805555555555555
0 0.50390625 0.6045138888888889 0.025 0.03125
0 0.54375 0.5517361111111111 0.03046875 0.035416666666666666
0 0.3953125 0.49375 0.0453125 0.05277777777777778
0 0.4310546875 0.44583333333333336 0.005078125 0.022222222222222223
0 0.44765625 0.40902777777777777 0.00078125 0.001388888888888889
0 0.4826171875 0.38055555555555554 0.023046875 0.015277777777777777
0 0.52421875 0.37916666666666665 0.00546875 0.013888888888888888
0 0.458203125 0.39305555555555555 0.0234375 0.043055555555555555
0 0.5287109375 0.371875 0.004296875 0.00625
0 0.5390625 0.3684027777777778 0.0046875 0.013194444444444444
0 0.548828125 0.3638888888888889 0.00625 0.008333333333333333
0 0.5091796875 0.37083333333333335 0.016796875 0.02638888888888889
0 0.5796875 0.36041666666666666 0.03203125 0.041666666666666664
0 0.6669921875 0.33125 0.059765625 0.022222222222222223
0 0.6138671875 0.3423611111111111 0.023828125 0.04861111111111111
0 0.883984375 0.27569444444444446 0.0125 0.022222222222222223
0 0.9802734375 0.28229166666666666 0.025390625 0.06458333333333334
0 0.8380859375 0.2972222222222222 0.258203125 0.1111111111111111