0 0.8322265625 0.790625 0.001171875 0.0020833333333333333
0 0.0615234375 0.875 0.120703125 0.25
0 0.2525390625 0.3524305555555556 0.030078125 0.04375
0 0.2693359375 0.32743055555555556 0.000390625 0.0006944444444444445
0 0.2845703125 0.3017361111111111 0.029296875 0.049305555555555554
0 0.162890625 0.28888888888888886 0.015625 0.03194444444444444
0 0.0677734375 0.3013888888888889 0.011328125 0.059722222222222225
0 0.0857421875 0.24409722222222222 0.006640625 0.03680555555555556
0 0.18203125 0.21840277777777778 0.01953125 0.0798611111111111
0 0.2298828125 0.13784722222222223 0.087890625 0.07569444444444444
0 0.5 0.5138888888888888 1.0 0.9722222222222222
0 0.0498046875 0.10868055555555556 0.058203125 0.19930555555555557