0 1.4131944444444444 0.5357421875 0.03333333333333333 0.012890625
0 1.4072916666666666 0.5267578125 0.04513888888888889 0.011328125
0 0.684375 0.5119140625 0.0006944444444444445 0.000390625
0 0.6802083333333333 0.508984375 0.007638888888888889 0.0046875
0 0.6829861111111111 0.5322265625 0.06319444444444444 0.057421875
0 1.4260416666666667 0.5064453125 0.11041666666666666 0.112109375
0 1.353125 0.3880859375 0.0006944444444444445 0.000390625
0 1.332638888888889 0.3701171875 0.008333333333333333 0.014453125
0 1.3538194444444445 0.3765625 0.03125 0.03125
0 1.6770833333333333 0.2931640625 0.06666666666666667 0.012109375
0 1.6236111111111111 0.29140625 0.06666666666666667 0.01484375
0 1.7510416666666666 0.2884765625 0.052083333333333336 0.015234375
0 1.5559027777777779 0.28359375 0.04236111111111111 0.00859375
0 1.5086805555555556 0.2822265625 0.049305555555555554 0.005859375
0 1.5576388888888888 0.27421875 0.06666666666666667 0.015625
0 1.3225694444444445 0.3064453125 0.049305555555555554 0.103515625
0 1.1572916666666666 0.2279296875 0.0006944444444444445 0.000390625
0 1.1565972222222223 0.2271484375 0.0006944444444444445 0.000390625
0 1.3138888888888889 0.2177734375 0.0375 0.013671875
0 1.5583333333333333 0.219921875 0.4375 0.02890625
0 0.019791666666666666 0.1568359375 0.03819444444444445 0.012890625
0 0.15034722222222222 0.1470703125 0.0006944444444444445 0.000390625
0 0.13541666666666666 0.107421875 0.011111111111111112 0.00859375
0 1.659375 0.1419921875 0.2326388888888889 0.133984375
0 1.0631944444444446 0.0150390625 0.03194444444444444 0.007421875
0 0.9409722222222222 0.0169921875 0.018055555555555554 0.014453125
0 1.1052083333333333 0.01484375 0.035416666666666666 0.01171875
0 0.9975694444444444 0.0197265625 0.08958333333333333 0.025390625
0 1.1555555555555554 0.0060546875 0.05555555555555555 0.012109375
0 0.7059027777777778 0.28125 1.4118055555555555 0.5625