0 0.45069444444444445 0.965234375 0.05 0.06875
0 0.44027777777777777 0.8875 0.06527777777777778 0.08359375
0 0.4465277777777778 0.8064453125 0.013888888888888888 0.023046875
0 0.4888888888888889 0.7642578125 0.03888888888888889 0.094921875
0 0.46111111111111114 0.728515625 0.02361111111111111 0.03359375
0 0.48819444444444443 0.7103515625 0.025 0.024609375
0 0.45555555555555555 0.6599609375 0.030555555555555555 0.063671875
0 0.43993055555555555 0.569921875 0.034027777777777775 0.10859375
0 0.4708333333333333 0.470703125 0.05 0.0875
0 0.5027777777777778 0.3966796875 0.025 0.054296875
0 0.4947916666666667 0.3580078125 0.022916666666666665 0.037109375
0 0.4652777777777778 0.173046875 0.07361111111111111 0.34453125