0 0.056640625 0.9333333333333333 0.0015625 0.002777777777777778
0 0.05703125 0.9298611111111111 0.00078125 0.001388888888888889
0 0.072265625 0.9256944444444445 0.071875 0.1486111111111111
0 0.1005859375 0.8461805555555556 0.008984375 0.007638888888888889
0 0.8005859375 0.6274305555555556 0.000390625 0.0006944444444444445
0 0.7416015625 0.6121527777777778 0.001171875 0.003472222222222222
0 0.3162109375 0.5517361111111111 0.000390625 0.0006944444444444445
0 0.22109375 0.690625 0.2359375 0.31180555555555556
0 0.3662109375 0.5253472222222222 0.055859375 0.04513888888888889
0 0.5080078125 0.4895833333333333 0.000390625 0.001388888888888889
0 0.5076171875 0.4878472222222222 0.000390625 0.0006944444444444445
0 0.4623046875 0.48715277777777777 0.000390625 0.0006944444444444445
0 0.4212890625 0.4864583333333333 0.062890625 0.06597222222222222
0 0.7302734375 0.5263888888888889 0.539453125 0.24861111111111112
0 0.473828125 0.3927083333333333 0.01171875 0.04791666666666667
0 0.4716796875 0.36701388888888886 0.000390625 0.003472222222222222
0 0.4662109375 0.353125 0.000390625 0.0006944444444444445
0 0.467578125 0.35104166666666664 0.00078125 0.0006944444444444445
0 0.02109375 0.125 0.00078125 0.001388888888888889
0 0.3337890625 0.03194444444444444 0.011328125 0.019444444444444445
0 0.379296875 0.19652777777777777 0.18515625 0.35138888888888886
0 0.1431640625 0.09479166666666666 0.286328125 0.17152777777777778