0 0.8583984375 0.9850694444444444 0.024609375 0.02847222222222222
0 0.670703125 0.8270833333333333 0.0046875 0.004166666666666667
0 0.752734375 0.7670138888888889 0.0015625 0.0020833333333333333
0 0.5923828125 0.7767361111111111 0.499609375 0.38680555555555557
0 0.675 0.5767361111111111 0.009375 0.010416666666666666
0 0.6662109375 0.5659722222222222 0.002734375 0.004166666666666667
0 0.872265625 0.5152777777777777 0.00078125 0.001388888888888889
0 0.5501953125 0.20972222222222223 0.000390625 0.001388888888888889
0 0.5330078125 0.18159722222222222 0.000390625 0.0006944444444444445
0 0.528515625 0.17604166666666668 0.00703125 0.009027777777777777
0 0.531640625 0.1579861111111111 0.00078125 0.0020833333333333333
0 0.5298828125 0.15347222222222223 0.001953125 0.004166666666666667
0 0.7 0.3684027777777778 0.3578125 0.43819444444444444
0 0.40703125 0.5024305555555556 0.23203125 0.9951388888888889