0 0.06041666666666667 0.5177734375 0.001388888888888889 0.000390625
0 0.06041666666666667 0.5162109375 0.001388888888888889 0.001953125
0 0.11006944444444444 0.5080078125 0.014583333333333334 0.002734375
0 0.7545138888888889 0.5021484375 0.009027777777777777 0.002734375
0 1.7180555555555554 0.498828125 0.11527777777777778 0.04765625
0 1.6208333333333333 0.46796875 0.0625 0.0140625
0 1.5416666666666667 0.4609375 0.001388888888888889 0.00078125
0 1.5833333333333333 0.46015625 0.008333333333333333 0.00078125
0 1.5711805555555556 0.4591796875 0.004861111111111111 0.001171875
0 1.115625 0.3890625 0.003472222222222222 0.01015625
0 0.9059027777777777 0.35 0.03958333333333333 0.08671875
0 0.38784722222222223 0.218359375 0.003472222222222222 0.00390625
0 0.403125 0.3849609375 0.6826388888888889 0.351953125
0 0.41041666666666665 0.208203125 0.002777777777777778 0.0015625
0 0.42465277777777777 0.2 0.021527777777777778 0.0140625
0 0.4409722222222222 0.188671875 0.006944444444444444 0.00546875
0 0.44513888888888886 0.181640625 0.001388888888888889 0.00234375
0 1.2079861111111112 0.093359375 0.15208333333333332 0.01328125
0 0.8326388888888889 0.1919921875 0.5930555555555556 0.383203125
0 1.1635416666666667 0.28125 0.8076388888888889 0.5625
0 0.4996527777777778 0.089453125 0.10625 0.17890625