0 0.2892578125 0.5461805555555556 0.158984375 0.04236111111111111
0 0.5240234375 0.5020833333333333 0.025390625 0.009722222222222222
0 0.5958984375 0.490625 0.000390625 0.0006944444444444445
0 0.3697265625 0.4954861111111111 0.026171875 0.010416666666666666
0 0.39453125 0.49270833333333336 0.01875 0.011805555555555555
0 0.1279296875 0.5121527777777778 0.162890625 0.05347222222222222
0 0.566015625 0.496875 0.040625 0.024305555555555556
0 0.6109375 0.48333333333333334 0.028125 0.019444444444444445
0 0.455078125 0.4895833333333333 0.09453125 0.03333333333333333
0 0.688671875 0.4774305555555556 0.1234375 0.02013888888888889
0 0.0154296875 0.403125 0.029296875 0.011805555555555555
0 0.8791015625 0.4583333333333333 0.241015625 0.125