0 0.6177734375 0.6954861111111111 0.000390625 0.0006944444444444445
0 0.6185546875 0.6947916666666667 0.000390625 0.0006944444444444445
0 0.549609375 0.6572916666666667 0.23125 0.13680555555555557
0 0.8466796875 0.5628472222222223 0.001953125 0.0006944444444444445
0 0.374609375 0.5385416666666667 0.03359375 0.06875
0 0.8333984375 0.5270833333333333 0.333203125 0.19166666666666668
0 0.3900390625 0.3996527777777778 0.000390625 0.0006944444444444445
0 0.7236328125 0.43125 0.122265625 0.09861111111111111
0 0.2478515625 0.3614583333333333 0.000390625 0.0006944444444444445
0 0.4455078125 0.36944444444444446 0.109765625 0.06944444444444445
0 0.1955078125 0.35868055555555556 0.391015625 0.09791666666666667
0 0.575390625 0.31805555555555554 0.18515625 0.12777777777777777