0 0.3145833333333333 0.5416015625 0.009722222222222222 0.029296875
0 1.1399305555555554 0.53984375 0.024305555555555556 0.0453125
0 1.1354166666666667 0.506640625 0.009722222222222222 0.01953125
0 0.33784722222222224 0.4896484375 0.01875 0.033203125
0 1.1392361111111111 0.4783203125 0.010416666666666666 0.019140625
0 0.3763888888888889 0.4453125 0.05555555555555555 0.04453125
0 0.40729166666666666 0.4158203125 0.0006944444444444445 0.000390625
0 0.40902777777777777 0.402734375 0.004166666666666667 0.0234375
0 0.39305555555555555 0.3228515625 0.008333333333333333 0.054296875
0 0.5309027777777777 0.3103515625 0.24930555555555556 0.066796875
0 0.3940972222222222 0.2775390625 0.00625 0.025390625
0 0.8798611111111111 0.3462890625 0.6 0.174609375
0 0.38784722222222223 0.2310546875 0.009027777777777777 0.028515625
0 1.211111111111111 0.19140625 0.006944444444444444 0.0328125
0 0.37604166666666666 0.1806640625 0.021527777777777778 0.058203125
0 1.2239583333333333 0.141015625 0.009027777777777777 0.0234375
0 0.3736111111111111 0.108203125 0.005555555555555556 0.0203125
0 0.36944444444444446 0.0623046875 0.011111111111111112 0.059765625
0 0.3767361111111111 0.012109375 0.00625 0.02265625
0 1.2565972222222221 0.04296875 0.02013888888888889 0.0859375