0 0.505859375 0.9149305555555556 0.24609375 0.1701388888888889
0 0.7033203125 0.875 0.158203125 0.24583333333333332
0 0.1595703125 0.8701388888888889 0.103515625 0.25972222222222224
0 0.364453125 0.8059027777777777 0.03984375 0.38819444444444445
0 0.3763671875 0.5267361111111111 0.001171875 0.0020833333333333333
0 0.53203125 0.5246527777777777 0.00390625 0.009027777777777777
0 0.450390625 0.5284722222222222 0.0265625 0.029166666666666667
0 0.49765625 0.5222222222222223 0.06796875 0.03888888888888889
0 0.796484375 0.6260416666666667 0.03828125 0.2520833333333333
0 0.1111328125 0.6170138888888889 0.024609375 0.24375
0 0.9580078125 0.4427083333333333 0.000390625 0.0006944444444444445
0 0.9572265625 0.4420138888888889 0.000390625 0.0006944444444444445
0 0.95546875 0.44131944444444443 0.00078125 0.0006944444444444445
0 0.771875 0.43472222222222223 0.00078125 0.002777777777777778
0 0.6205078125 0.45381944444444444 0.173828125 0.13125
0 0.743359375 0.39166666666666666 0.003125 0.015277777777777777
0 0.74140625 0.3819444444444444 0.00078125 0.001388888888888889
0 0.6884765625 0.3902777777777778 0.028515625 0.019444444444444445
0 0.886328125 0.42951388888888886 0.22734375 0.14791666666666667
0 0.87421875 0.3548611111111111 0.00078125 0.001388888888888889
0 0.0515625 0.34305555555555556 0.00078125 0.001388888888888889
0 0.7677734375 0.3802083333333333 0.043359375 0.10347222222222222
0 0.3724609375 0.3211805555555556 0.000390625 0.0006944444444444445
0 0.02578125 0.32916666666666666 0.05 0.03888888888888889
0 0.01796875 0.30868055555555557 0.00078125 0.0006944444444444445
0 0.1462890625 0.2552083333333333 0.000390625 0.0006944444444444445
0 0.230859375 0.253125 0.00078125 0.0006944444444444445
0 0.2291015625 0.25243055555555555 0.001953125 0.0006944444444444445
0 0.7025390625 0.2142361111111111 0.000390625 0.0006944444444444445
0 0.7015625 0.21180555555555555 0.00078125 0.001388888888888889
0 0.7001953125 0.20729166666666668 0.000390625 0.0006944444444444445
0 0.6994140625 0.20590277777777777 0.000390625 0.0006944444444444445
0 0.1068359375 0.20416666666666666 0.000390625 0.001388888888888889
0 0.698828125 0.20381944444444444 0.00078125 0.0020833333333333333
0 0.1072265625 0.20243055555555556 0.000390625 0.0006944444444444445
0 0.6982421875 0.2013888888888889 0.000390625 0.001388888888888889
0 0.8970703125 0.259375 0.049609375 0.18819444444444444
0 0.9224609375 0.14722222222222223 0.017578125 0.041666666666666664
0 0.4330078125 0.071875 0.000390625 0.0006944444444444445
0 0.4322265625 0.07048611111111111 0.000390625 0.0006944444444444445
0 0.319921875 0.3329861111111111 0.278125 0.55625
0 0.45625 0.052083333333333336 0.00390625 0.004166666666666667
0 0.4900390625 0.03854166666666667 0.000390625 0.0006944444444444445
0 0.615625 0.20173611111111112 0.31484375 0.3715277777777778
0 0.11640625 0.24791666666666667 0.128125 0.49444444444444446
0 0.945703125 0.06493055555555556 0.0546875 0.12986111111111112
0 0.6435546875 0.044444444444444446 0.019140625 0.08888888888888889