0 0.80625 0.4814453125 0.001388888888888889 0.001171875
0 0.8086805555555555 0.4787109375 0.0006944444444444445 0.000390625
0 0.94375 0.4494140625 0.03333333333333333 0.016796875
0 0.8680555555555556 0.4568359375 0.11805555555555555 0.042578125
0 0.7479166666666667 0.4078125 0.16805555555555557 0.028125
0 1.2711805555555555 0.3912109375 0.06180555555555556 0.010546875
0 0.603125 0.3908203125 0.13125 0.033203125
0 1.196875 0.3734375 0.7298611111111111 0.12578125
0 1.4645833333333333 0.3046875 0.027777777777777776 0.01875
0 1.6288194444444444 0.3060546875 0.29791666666666666 0.029296875
0 0.8885416666666667 0.317578125 1.7756944444444445 0.2859375