0 1.5958333333333334 0.541796875 0.08055555555555556 0.04140625
0 1.3149305555555555 0.5181640625 0.2965277777777778 0.088671875
0 0.7930555555555555 0.465234375 0.16527777777777777 0.0203125
0 1.5447916666666666 0.480078125 0.0798611111111111 0.06953125
0 0.9913194444444444 0.449609375 0.025694444444444443 0.02109375
0 1.1232638888888888 0.4296875 0.13680555555555557 0.0859375
0 1.0486111111111112 0.337890625 0.001388888888888889 0.00078125
0 0.5982638888888889 0.3453125 0.33541666666666664 0.02421875
0 1.1770833333333333 0.337109375 0.07083333333333333 0.01796875
0 1.2072916666666667 0.3169921875 0.03680555555555556 0.005078125
0 1.1159722222222221 0.332421875 0.13194444444444445 0.0390625
0 1.1979166666666667 0.2369140625 0.002777777777777778 0.000390625
0 1.2496527777777777 0.218359375 0.11041666666666666 0.05546875
0 1.3760416666666666 0.1927734375 0.18819444444444444 0.011328125
0 1.1225694444444445 0.148828125 0.027083333333333334 0.01171875
0 0.890625 0.3310546875 1.7673611111111112 0.391015625
0 1.0184027777777778 0.13828125 0.014583333333333334 0.009375
0 1.2697916666666667 0.1388671875 0.03819444444444445 0.011328125
0 1.0753472222222222 0.137890625 0.07569444444444444 0.01328125
0 1.1055555555555556 0.13125 0.03333333333333333 0.00859375
0 0.9458333333333333 0.130859375 0.06388888888888888 0.03046875
0 1.0107638888888888 0.095703125 0.08263888888888889 0.01796875
0 1.0951388888888889 0.0625 0.09583333333333334 0.03828125
0 1.370486111111111 0.0396484375 0.0006944444444444445 0.000390625
0 1.2309027777777777 0.0275390625 0.17291666666666666 0.031640625
0 1.2934027777777777 0.06875 0.23680555555555555 0.1359375