0 0.11484375 0.9902777777777778 0.01875 0.019444444444444445
0 0.0599609375 0.9628472222222222 0.000390625 0.0006944444444444445
0 0.049609375 0.9805555555555555 0.021875 0.03888888888888889
0 0.0634765625 0.9604166666666667 0.005859375 0.008333333333333333
0 0.1314453125 0.9621527777777777 0.016796875 0.03958333333333333
0 0.1443359375 0.9416666666666667 0.000390625 0.001388888888888889
0 0.1427734375 0.9413194444444445 0.001953125 0.007638888888888889
0 0.191015625 0.884375 0.00078125 0.0006944444444444445
0 0.2193359375 0.8788194444444445 0.000390625 0.0006944444444444445
0 0.20234375 0.8784722222222222 0.02734375 0.022222222222222223
0 0.293359375 0.9322916666666666 0.15234375 0.13541666666666666
0 0.1265625 0.8739583333333333 0.14140625 0.17569444444444443
0 0.8322265625 0.7708333333333334 0.007421875 0.03333333333333333
0 0.8255859375 0.7513888888888889 0.003515625 0.008333333333333333
0 0.8279296875 0.7444444444444445 0.001953125 0.004166666666666667
0 0.8271484375 0.6961805555555556 0.000390625 0.0020833333333333333
0 0.8255859375 0.6954861111111111 0.000390625 0.0006944444444444445
0 0.826171875 0.6930555555555555 0.00078125 0.002777777777777778
0 0.12734375 0.7378472222222222 0.08828125 0.09375
0 0.0822265625 0.6899305555555556 0.001171875 0.0020833333333333333
0 0.0810546875 0.6885416666666667 0.000390625 0.0006944444444444445
0 0.13984375 0.6739583333333333 0.01484375 0.08680555555555555
0 0.0408203125 0.6600694444444445 0.081640625 0.06180555555555556
0 0.1412109375 0.6194444444444445 0.001171875 0.001388888888888889
0 0.5890625 0.5996527777777778 0.0015625 0.0020833333333333333
0 0.1783203125 0.5739583333333333 0.000390625 0.0006944444444444445
0 0.16484375 0.6069444444444444 0.03359375 0.07361111111111111
0 0.1892578125 0.5399305555555556 0.000390625 0.0006944444444444445
0 0.194140625 0.49444444444444446 0.00078125 0.001388888888888889
0 0.175 0.5440972222222222 0.06640625 0.16875
0 0.2044921875 0.428125 0.000390625 0.0006944444444444445
0 0.2041015625 0.4267361111111111 0.000390625 0.0006944444444444445
0 0.2 0.440625 0.0125 0.03819444444444445
0 0.203515625 0.4215277777777778 0.00078125 0.004166666666666667
0 0.204296875 0.41631944444444446 0.00078125 0.0020833333333333333
0 0.2185546875 0.36666666666666664 0.000390625 0.001388888888888889
0 0.2146484375 0.3885416666666667 0.021484375 0.052083333333333336
0 0.2240234375 0.3590277777777778 0.000390625 0.001388888888888889
0 0.2248046875 0.3572916666666667 0.000390625 0.0006944444444444445
0 0.2248046875 0.34652777777777777 0.007421875 0.022222222222222223
0 0.2212890625 0.328125 0.000390625 0.013194444444444444
0 0.229296875 0.28055555555555556 0.0140625 0.08472222222222223
0 0.2326171875 0.234375 0.001171875 0.0020833333333333333
0 0.6369140625 0.5701388888888889 0.117578125 0.8597222222222223
0 0.2337890625 0.17743055555555556 0.016015625 0.11736111111111111
0 0.5986328125 0.13020833333333334 0.023828125 0.049305555555555554
0 0.2310546875 0.03090277777777778 0.000390625 0.0006944444444444445
0 0.8302734375 0.030208333333333334 0.001171875 0.0006944444444444445
0 0.236328125 0.059027777777777776 0.01796875 0.11666666666666667
0 0.8341796875 0.3736111111111111 0.044140625 0.7472222222222222
0 0.5923828125 0.05277777777777778 0.029296875 0.10555555555555556