0 1.620486111111111 0.390234375 0.29097222222222224 0.05859375
0 1.2635416666666666 0.35 0.20625 0.02890625
0 1.4270833333333333 0.344140625 0.27361111111111114 0.040625
0 1.0993055555555555 0.3458984375 0.1763888888888889 0.044140625
0 0.509375 0.36015625 0.13958333333333334 0.0953125
0 1.1357638888888888 0.3091796875 0.0006944444444444445 0.000390625
0 0.32256944444444446 0.28828125 0.0006944444444444445 0.00078125
0 0.18368055555555557 0.2818359375 0.0006944444444444445 0.000390625
0 0.6010416666666667 0.2892578125 0.07847222222222222 0.024609375
0 0.6371527777777778 0.2767578125 0.0006944444444444445 0.000390625
0 0.803125 0.2802734375 0.7493055555555556 0.105859375
0 0.2878472222222222 0.2638671875 0.5743055555555555 0.115234375