0 0.219921875 0.9399305555555556 0.00078125 0.0006944444444444445
0 0.2208984375 0.9392361111111112 0.000390625 0.0006944444444444445
0 0.2236328125 0.9375 0.003515625 0.002777777777777778
0 0.2263671875 0.9357638888888888 0.000390625 0.0006944444444444445
0 0.22734375 0.9350694444444444 0.00078125 0.0006944444444444445
0 0.2283203125 0.934375 0.000390625 0.0006944444444444445
0 0.2294921875 0.9336805555555555 0.000390625 0.0006944444444444445
0 0.2025390625 0.9489583333333333 0.130078125 0.10208333333333333
0 0.26875 0.8975694444444444 0.00078125 0.0006944444444444445
0 0.3521484375 0.8736111111111111 0.165234375 0.07083333333333333
0 0.9892578125 0.8038194444444444 0.005078125 0.017361111111111112
0 0.9927734375 0.790625 0.003515625 0.00625
0 0.46484375 0.8850694444444445 0.10703125 0.2298611111111111
0 0.9390625 0.8503472222222223 0.11796875 0.2826388888888889
0 0.3177734375 0.7059027777777778 0.048046875 0.29930555555555555
0 0.278125 0.5149305555555556 0.03046875 0.07847222222222222
0 0.6994140625 0.7291666666666666 0.360546875 0.5416666666666666
0 0.2669921875 0.4579861111111111 0.000390625 0.0006944444444444445
0 0.6427734375 0.4565972222222222 0.001953125 0.003472222222222222
0 0.6478515625 0.45381944444444444 0.001171875 0.0020833333333333333
0 0.269921875 0.45555555555555555 0.0046875 0.005555555555555556
0 0.2677734375 0.45381944444444444 0.001171875 0.00625
0 0.257421875 0.4565972222222222 0.01640625 0.04236111111111111
0 0.2484375 0.4340277777777778 0.00078125 0.001388888888888889
0 0.6501953125 0.44305555555555554 0.012109375 0.02361111111111111
0 0.2470703125 0.42916666666666664 0.000390625 0.001388888888888889
0 0.2466796875 0.4270833333333333 0.000390625 0.001388888888888889
0 0.24609375 0.425 0.00078125 0.001388888888888889
0 0.6171875 0.43819444444444444 0.03515625 0.044444444444444446
0 0.5986328125 0.4149305555555556 0.001171875 0.0020833333333333333
0 0.49453125 0.3142361111111111 0.00078125 0.003472222222222222
0 0.4412109375 0.28402777777777777 0.000390625 0.001388888888888889
0 0.2728515625 0.36493055555555554 0.017578125 0.1701388888888889
0 0.2814453125 0.2777777777777778 0.001171875 0.002777777777777778
0 0.0021484375 0.18854166666666666 0.000390625 0.0006944444444444445
0 0.396875 0.14930555555555555 0.0875 0.26666666666666666
0 0.7138671875 0.21770833333333334 0.115234375 0.42569444444444443
0 0.300390625 0.21388888888888888 0.60078125 0.41944444444444445