0 1.1472222222222221 0.313671875 0.15138888888888888 0.02734375
0 1.0767361111111111 0.28984375 0.06875 0.00859375
0 0.8184027777777778 0.2818359375 0.0006944444444444445 0.000390625
0 0.9333333333333333 0.282421875 0.2361111111111111 0.0234375
0 0.8878472222222222 0.3197265625 1.7631944444444445 0.103515625
0 0.8100694444444444 0.2568359375 0.19375 0.026171875
0 0.09722222222222222 0.2427734375 0.002777777777777778 0.001953125
0 0.04895833333333333 0.244140625 0.09097222222222222 0.01015625
0 0.2361111111111111 0.1974609375 0.23055555555555557 0.019921875
0 0.4065972222222222 0.1919921875 0.08402777777777778 0.016015625
0 1.3420138888888888 0.1734375 0.1451388888888889 0.0171875
0 0.43194444444444446 0.16796875 0.11527777777777778 0.0078125
0 0.09305555555555556 0.1537109375 0.16944444444444445 0.019921875