0 0.2951388888888889 0.4744140625 0.5902777777777778 0.096484375
0 1.4555555555555555 0.372265625 0.12777777777777777 0.0140625
0 0.9899305555555555 0.43828125 0.7368055555555556 0.1484375
0 1.6520833333333333 0.3716796875 0.10416666666666667 0.026953125
0 1.5975694444444444 0.3576171875 0.0006944444444444445 0.000390625
0 1.5930555555555554 0.35625 0.006944444444444444 0.00234375
0 1.5885416666666667 0.3548828125 0.0006944444444444445 0.000390625
0 1.585763888888889 0.3541015625 0.0006944444444444445 0.000390625
0 1.4739583333333333 0.3013671875 0.06458333333333334 0.037109375
0 1.4402777777777778 0.282421875 0.001388888888888889 0.00078125
0 0.6569444444444444 0.2416015625 1.3138888888888889 0.083203125
0 0.9013888888888889 0.0515625 0.175 0.05234375
0 0.8107638888888888 0.0251953125 0.003472222222222222 0.000390625
0 0.7399305555555555 0.01796875 0.14097222222222222 0.01796875
0 0.39861111111111114 0.0060546875 0.12361111111111112 0.011328125