0 0.6246527777777777 0.992578125 0.013194444444444444 0.009375
0 0.6079861111111111 0.9388671875 0.09236111111111112 0.122265625
0 0.5354166666666667 0.830078125 0.04583333333333333 0.034375
0 0.5434027777777778 0.771875 0.07152777777777777 0.20625
0 0.4895833333333333 0.63828125 0.029166666666666667 0.04453125
0 0.49895833333333334 0.5962890625 0.024305555555555556 0.048828125
0 0.4875 0.5712890625 0.009722222222222222 0.005859375
0 0.45868055555555554 0.5017578125 0.02013888888888889 0.005859375
0 0.5569444444444445 0.1529296875 0.025 0.031640625
0 0.465625 0.3287109375 0.15763888888888888 0.485546875
0 0.5975694444444445 0.0763671875 0.06597222222222222 0.111328125
0 0.43645833333333334 0.041796875 0.05347222222222222 0.07265625