0 0.9703125 0.9465277777777777 0.059375 0.08888888888888889
0 0.9392578125 0.9017361111111111 0.000390625 0.0006944444444444445
0 0.9353515625 0.903125 0.018359375 0.01875
0 0.924609375 0.8927083333333333 0.00234375 0.0020833333333333333
0 0.848828125 0.8128472222222223 0.0015625 0.0020833333333333333
0 0.8478515625 0.8107638888888888 0.000390625 0.0006944444444444445
0 0.8466796875 0.809375 0.001171875 0.0020833333333333333
0 0.8455078125 0.8086805555555555 0.000390625 0.0006944444444444445
0 0.8435546875 0.8065972222222222 0.001953125 0.0020833333333333333
0 0.8875 0.8357638888888889 0.10234375 0.13125
0 0.8330078125 0.7569444444444444 0.006640625 0.025
0 0.821484375 0.7013888888888888 0.01640625 0.08472222222222223
0 0.31796875 0.6520833333333333 0.0015625 0.002777777777777778
0 0.3162109375 0.646875 0.001171875 0.003472222222222222
0 0.19375 0.5864583333333333 0.0015625 0.0020833333333333333
0 0.80859375 0.6107638888888889 0.009375 0.08541666666666667
0 0.952734375 0.5715277777777777 0.09453125 0.03611111111111111
0 0.87578125 0.5548611111111111 0.003125 0.002777777777777778
0 0.883203125 0.5493055555555556 0.009375 0.005555555555555556
0 0.8970703125 0.5493055555555556 0.009765625 0.008333333333333333
0 0.4888671875 0.434375 0.977734375 0.4215277777777778
0 0.980078125 0.22291666666666668 0.0015625 0.001388888888888889