0 0.63359375 0.7722222222222223 0.00078125 0.001388888888888889
0 0.6037109375 0.6434027777777778 0.000390625 0.0006944444444444445
0 0.306640625 0.6159722222222223 0.0015625 0.002777777777777778
0 0.494140625 0.5034722222222222 0.00703125 0.002777777777777778
0 0.5052734375 0.5027777777777778 0.004296875 0.002777777777777778
0 0.4646484375 0.496875 0.000390625 0.0006944444444444445
0 0.4654296875 0.49618055555555557 0.000390625 0.0006944444444444445
0 0.4859375 0.4979166666666667 0.00859375 0.008333333333333333
0 0.4693359375 0.49409722222222224 0.006640625 0.003472222222222222
0 0.458203125 0.4951388888888889 0.0109375 0.006944444444444444
0 0.4513671875 0.4913194444444444 0.000390625 0.0006944444444444445
0 0.4490234375 0.48993055555555554 0.002734375 0.0020833333333333333
0 0.4453125 0.48993055555555554 0.00390625 0.0020833333333333333
0 0.433984375 0.48993055555555554 0.00625 0.0020833333333333333
0 0.4171875 0.4204861111111111 0.0015625 0.0006944444444444445
0 0.8861328125 0.38993055555555556 0.001171875 0.0006944444444444445
0 0.9994140625 0.3072916666666667 0.000390625 0.0006944444444444445
0 0.609765625 0.4684027777777778 0.02734375 0.34652777777777777
0 0.728125 0.6430555555555556 0.5421875 0.7138888888888889
0 0.0998046875 0.28229166666666666 0.000390625 0.0006944444444444445
0 0.181640625 0.29965277777777777 0.16484375 0.05625
0 0.368359375 0.25381944444444443 0.00234375 0.003472222222222222
0 0.080078125 0.26875 0.0375 0.043055555555555555
0 0.34453125 0.6152777777777778 0.15859375 0.7694444444444445
0 0.4947265625 0.20798611111111112 0.000390625 0.0006944444444444445
0 0.0328125 0.15138888888888888 0.0625 0.19027777777777777
0 0.5431640625 0.004861111111111111 0.001953125 0.001388888888888889
0 0.5486328125 0.14756944444444445 0.094140625 0.2951388888888889
0 0.3634765625 0.209375 0.275390625 0.41875