0 0.823046875 0.7861111111111111 0.00078125 0.001388888888888889
0 0.8216796875 0.7850694444444445 0.001171875 0.0006944444444444445
0 0.725 0.7711805555555555 0.26015625 0.10902777777777778
0 0.3736328125 0.7020833333333333 0.441796875 0.08194444444444444
0 0.0244140625 0.40729166666666666 0.048828125 0.07291666666666667
0 0.325 0.34305555555555556 0.55 0.20277777777777778
0 0.600390625 0.24131944444444445 0.00078125 0.004861111111111111
0 0.610546875 0.21944444444444444 0.02109375 0.030555555555555555
0 0.61484375 0.1920138888888889 0.0140625 0.022916666666666665
0 0.626953125 0.17048611111111112 0.01015625 0.01875
0 0.6333984375 0.159375 0.001171875 0.0020833333333333333
0 0.635546875 0.15381944444444445 0.00234375 0.00625
0 0.637109375 0.14895833333333333 0.00078125 0.0020833333333333333
0 0.6380859375 0.1423611111111111 0.001171875 0.009722222222222222
0 0.6400390625 0.12569444444444444 0.001171875 0.004166666666666667
0 0.6408203125 0.121875 0.000390625 0.0020833333333333333
0 0.6701171875 0.060069444444444446 0.058203125 0.12013888888888889