0 0.5914351851851852 0.9369834710743802 0.023148148148148147 0.12603305785123967
0 0.5677083333333334 0.8481404958677686 0.02662037037037037 0.04648760330578512
0 0.11709104938271606 0.5364152892561983 0.2341820987654321 0.05836776859504132
0 0.30439814814814814 0.478047520661157 0.03935185185185185 0.035640495867768594
0 0.7507716049382716 0.45661157024793386 0.0015432098765432098 0.0010330578512396695
0 0.7494212962962963 0.4553202479338843 0.00038580246913580245 0.0005165289256198347
0 0.7476851851851852 0.4542871900826446 0.0007716049382716049 0.0005165289256198347
0 0.34953703703703703 0.46358471074380164 0.0933641975308642 0.04183884297520661
0 0.7247299382716049 0.44860537190082644 0.04436728395061729 0.017045454545454544
0 0.7719907407407407 0.434400826446281 0.023919753086419752 0.024793388429752067
0 0.5638503086419753 0.6707128099173554 0.2534722222222222 0.5511363636363636
0 0.8271604938271605 0.3910123966942149 0.08410493827160494 0.06818181818181818
0 0.9444444444444444 0.27660123966942146 0.1087962962962963 0.11828512396694214